179
2 9872.07 4653.88 86.38 2.0
6 6330.73 4653.96 10.35 2.0
6 9311.89 4654.22 33.27 4.0
8 9048.27 4655.5 28.41 2.0
6 8769.68 4655.9 10.28 4.0
2 8078.34 4657.16 114.3 4.0
5 9013.35 4658.33 91.41 4.0
5 8165.5 4660.17 30.69 4.0
7 7464.99 4660.26 14.3 2.0
5 8743.99 4661.05 60.92 4.0
6 6739.57 4661.6 69.34 4.0
3 7461.53 4661.72 13.59 2.0
2 5117.06 4664.3 63.76 4.0
8 7469.65 4664.92 12.89 2.0
3 7532.99 4665.74 25.82 2.0
9 8230.1 4666.65 10.61 4.0
3 7595.46 4667.14 38.07 2.0
3 8271.58 4668.58 95.67 2.0
6 8348.29 4669.23 16.11 4.0
4 8268.16 4671.94 101.4 2.0
6 9065.92 4673.15 12.73 2.0
5 8332.82 4674.31 36.97 2.0
2 7851.25 4674.63 75.46 2.0
6 8920.08 4674.85 49.37 2.0
8 7008.6 4676.31 24.99 2.0
4 9895.18 4676.99 57.67 2.0
3 5041.16 4677.27 42.06 2.0
6 9249.29 4677.4 55.24 2.0
4 8010.01 4677.59 43.3 2.0
6 9750.33 4677.78 14.32 2.0
7 8802.72 4678.05 11.85 2.0
1 9615.02 4681.09 147.6 2.0
4 9917.12 4682.01 103.1 2.0
5 8822.58 4684.4 49.52 4.0
4 8509.02 4684.46 35.14 2.0
4 7971.8 4684.54 30.51 2.0
9 8081.67 4684.74 46.27 4.0
7 14510.5 4686.03 11.34 2.66667
15 12931.3 4686.03 21.45 2.66667
10 14028.5 4686.04 1.314 2.66667
14 17469.0 4686.05 10.3 2.66667
8 12625.3 4686.08 1.178 2.66667
4 14100.5 4686.1 7.191 2.66667
12 11511.1 4686.1 27.24 2.66667
12 16197.2 4686.1 1.181 2.66667
14 17505.4 4686.13 1.979 2.66667
17 17696.0 4686.15 13.05 2.66667
13 17132.9 4686.18 1.054 2.66667
12 11670.8 4686.18 26.84 2.66667
20 19223.9 4686.19 2.009 2.66667
15 17745.1 4686.21 36.37 2.66667
17 16375.9 4686.21 2.418 2.66667
16 17493.6 4686.22 1.693 2.66667
18 12858.9 4686.22 50.27 2.66667
14 16596.0 4686.26 1.198 2.66667
20 19015.5 4686.28 11.67 2.66667
11 14039.1 4686.28 1.007 2.66667
9 8231.75 4686.29 2.118 2.66667
15 13100.4 4686.33 11.13 2.66667
9 9650.58 4686.33 2.653 2.66667
12 16752.1 4686.34 3.481 2.66667
12 15056.3 4686.34 5.427 2.66667
18 17060.5 4686.35 7.781 2.66667
14 15079.9 4686.35 2.121 2.66667
14 18402.3 4686.42 5.073 2.66667
19 18128.1 4686.43 5.855 2.66667
11 15389.0 4686.43 3.728 2.66667
3 12016.3 4686.43 19.54 2.66667
16 15415.7 4686.46 1.056 2.66667
8 14529.3 4686.47 4.071 2.66667
12 11780.9 4686.48 86.34 2.66667
20 19400.2 4686.49 1.019 2.66667
10 13625.6 4686.5 2.839 2.66667
14 16805.8 4686.51 5.478 2.66667
16 18488.7 4686.51 6.415 2.66667
20 19918.2 4686.52 2.987 2.66667
18 17710.0 4686.53 8.124 2.66667
7 11867.5 4686.54 7.125 2.66667
8 12693.4 4686.55 2.039 2.66667
15 16642.7 4686.56 2.155 2.66667
1 12374.5 4686.57 73.76 2.66667
7 10763.7 4686.58 22.94 2.66667
11 13952.5 4686.6 40.92 2.66667
11 14964.1 4686.61 18.63 2.66667
11 8708.93 4686.63 6.213 2.66667
18 16348.3 4686.63 2.116 2.66667
13 14191.8 4686.63 9.517 2.66667
8 11359.0 4686.63 5.013 2.66667
19 19825.5 4686.64 1.832 2.66667
7 14558.5 4686.65 6.507 2.66667
20 20016.4 4686.66 1.025 2.66667
5 13990.6 4686.69 4.76 2.66667
10 12798.7 4686.69 1.734 2.66667
5 12760.2 4686.73 1.111 2.66667
13 17125.2 4686.74 5.678 2.66667
13 16258.8 4686.74 5.679 2.66667
13 17058.0 4686.75 3.59 2.66667
9 6269.9 4686.76 161.8 2.66667
2 14502.2 4686.76 34.27 2.66667
19 17138.6 4686.77 2.968 2.66667
11 14482.7 4686.79 1.821 2.66667
9 15386.8 4686.79 1.933 2.66667
13 16083.1 4686.8 8.038 2.66667
3 14207.9 4686.81 1.113 2.66667
16 15468.4 4686.81 10.47 2.66667
19 17679.5 4686.82 11.02 2.66667
10 13969.6 4686.83 6.488 2.66667
16 17388.6 4686.83 15.22 2.66667
16 17966.7 4686.84 1.848 2.66667
10 13874.8 4686.84 66.98 2.66667
20 18286.9 4686.85 3.959 2.66667
14 17257.3 4686.85 1.351 2.66667
12 15392.7 4686.85 1.208 2.66667
15 17506.1 4686.86 1.193 2.66667
19 18868.3 4686.91 2.048 2.66667
19 20016.7 4686.92 5.597 2.66667
8 14181.1 4686.92 10.78 2.66667
7 14948.2 4686.93 15.54 2.66667
7 12389.1 4686.94 30.57 2.66667
17 17626.7 4686.95 14.47 2.66667
15 16162.2 4686.97 1.137 2.66667
5 13374.6 4686.97 11.78 2.66667
14 17344.6 4686.98 3.678 2.66667
13 16660.1 4686.98 3.274 2.66667
15 15366.3 4686.99 1.234 2.66667
6 13172.2 4686.99 53.74 2.66667
20 19575.6 4686.99 2.499 2.66667
6 6865.07 4687.21 14.41 2.0
8 7399.56 4688.02 54.33 4.0
2 7687.96 4688.6 12.58 2.0
4 9729.9 4688.74 127.4 2.0
3 7953.84 4691.84 165.3 2.0
4 5396.33 4691.98 58.93 2.0
8 9048.27 4692.16 66.96 2.0
5 8421.43 4692.52 45.54 2.0
3 9708.08 4693.27 16.13 4.0
4 8184.07 4694.85 67.81 4.0
6 8882.02 4696.18 15.43 2.0
5 6312.41 4696.74 45.51 2.0
3 5469.61 4700.15 56.44 2.0
7 6609.74 4701.07 24.31 2.0
5 5875.56 4701.24 13.25 2.0
4 7709.04 4703.84 15.01 2.0
4 7902.04 4705.94 47.48 2.0
6 9078.22 4710.67 18.46 2.0
2 7639.22 4710.9 12.23 2.0
5 5835.27 4712.29 67.04 2.0
2 7264.12 4713.96 46.88 4.0
6 6237.3 4714.83 20.9 4.0
4 8515.25 4715.96 31.75 2.0
1 7261.39 4715.96 117.3 2.0
3 7914.06 4717.96 155.3 2.0
1 7895.05 4718.43 60.99 2.0
5 8475.77 4719.1 80.6 4.0
7 6897.01 4719.15 26.45 2.0
6 9376.4 4720.13 22.19 2.0
3 7802.65 4721.5 154.0 4.0
8 8118.68 4721.75 12.99 4.0
1 9926.77 4724.46 43.59 2.0
2 7450.69 4724.47 70.38 2.0
2 8071.93 4726.23 56.91 2.0
7 9554.3 4726.4 74.63 2.0
6 8692.48 4726.56 43.89 4.0
5 7988.98 4726.98 24.76 2.0
6 9094.54 4726.99 55.58 2.0
6 8974.23 4729.01 35.33 2.0
7 7440.84 4729.3 20.97 4.0
7 7129.14 4730.4 13.82 2.0
8 7592.4 4731.13 10.53 2.0
8 5970.47 4732.46 155.4 2.0
2 7694.89 4733.05 202.2 4.0
3 7732.59 4733.24 48.8 2.0
2 9664.44 4733.74 309.7 4.0
3 7461.53 4735.3 21.03 2.0
6 6351.6 4735.93 71.38 2.0
8 6702.73 4736.22 17.52 4.0
1 9615.02 4736.41 178.6 2.0
3 8336.67 4739.71 50.77 2.0
4 8468.66 4739.75 15.77 2.0
